[ 0 ] 936909.1400814276 ~ 0.45324434290738563
[ 1 ] 368728.3991193295 ~ 0.07711432548597134
[ 2 ] 385029.2475481556 ~ 0.011397178908731745
[ 3 ] 385029.2475481556 ~ 0.011397178908731745
[ 4 ] 802925.9415505603 ~ 0.0007336352445880664
[ 5 ] 947556.1881552509 ~ 0.0009131251917433544
[ 6 ] 645615.0083346108 ~ 2.0490363795853557
[ 7 ] 629407.4695467813 ~ 0.7153037861401503
[ 8 ] 327653.4334672642 ~ 0.5177992200468803
[ 9 ] 396256.68835703045 ~ 7.774603994294613
[ 10 ] 1000000.0 ~ 0.002824205159399647
[ 11 ] 978689.9947159049 ~ 0.031136638418770242
[ 12 ] 460724.5562284693 ~ 0.010187840883837472
[ 13 ] 1000000.0000000001 ~ 0.0
[ 14 ] 918158.2848942261 ~ 3.1252705965635776
[ 15 ] 966063.6573695072 ~ 0.9789771450992573
[ 16 ] 661086.6937318164 ~ 0.0
[ 17 ] 765587.5817364475 ~ 0.0
[ 18 ] 294088.84027621534 ~ 0.08956495586304927
[ 19 ] 484414.1348336399 ~ 0.007608276335071716
[ 20 ] 763325.3876539527 ~ 0.0025491925814452297
[ 21 ] 484414.1348336399 ~ 0.007608276335071716
[ 22 ] 763325.3876539527 ~ 0.0025491925814452297
[ 23 ] 812098.9176861306 ~ 34.73965236029883
[ 24 ] 813498.0049238343 ~ 0.06987329655733109
[ 25 ] 808062.4954647267 ~ 0.10846692314463416
[ 26 ] 852812.9409154649 ~ 4.871250260868915
[ 27 ] 518627.9755806068 ~ 0.0
[ 28 ] 518627.9755806068 ~ 0.0
[ 29 ] 188614.55479388457 ~ 5.331209990701293
[ 30 ] 597731.548124407 ~ 0.24133000975919056
[ 31 ] 458710.2858366502 ~ 64.64738052156098
[ 32 ] 708424.6610620533 ~ 263.25277416917993
[ 33 ] 375444.29548591975 ~ 94.11091625958122
[ 34 ] 974293.8966115577 ~ 8.006257496768383
[ 35 ] 974293.8966115577 ~ 8.006257496768383
[ 36 ] 335673.38489706215 ~ 1106.1749080077293
[ 37 ] 984071.5347394596 ~ 17.67036870931109
[ 38 ] 420582.2995029489 ~ 812.46607402416
[ 39 ] 391856.0844108694 ~ 29.08250165699664
[ 40 ] 710869.1310208362 ~ 127.62328631911863
[ 41 ] 720366.6941372687 ~ 0.0
[ 42 ] 977960.6977230505 ~ 0.0
[ 43 ] 693980.5032228279 ~ 9949.038478612141
